1 0.014188 
2 0.010182 
3 0.010087 
4 0.010324 
5 0.010272 
6 0.010249 
7 0.010556 
8 0.010339 
9 0.010376 
10 0.010256 
11 0.009770 
12 0.009926 
13 0.009931 
14 0.009782 
15 0.010167 
16 0.009942 
17 0.010071 
18 0.010119 
19 0.010467 
20 0.009929 
21 0.010115 
22 0.009890 
23 0.041772 
24 0.010919 
25 0.010764 
26 0.011134 
27 0.011212 
28 0.010119 
29 0.010466 
30 0.011451 
31 0.010814 
32 0.010578 
33 0.010376 
34 0.010359 
35 0.010356 
36 0.010185 
37 0.010240 
38 0.010047 
39 0.010052 
40 0.011081 
41 0.010035 
42 0.010526 
43 0.010470 
44 0.010333 
45 0.010102 
46 0.010234 
47 0.010421 
48 0.010601 
49 0.010662 
50 0.010366 
