0 221901 
1 65989 
2 111635 
3 64971 
4 52110 
5 56388 
6 50863 
7 55476 
8 41709 
9 47942 
10 44794 
11 55679 
12 60363 
13 51465 
14 46013 
15 39584 
16 52309 
17 46347 
18 48586 
19 56327 
20 47194 
21 130054 
22 37797 
23 47603 
24 42170 
25 48842 
26 42846 
27 46848 
28 45831 
29 76816 
30 50702 
31 42157 
32 46604 
33 40043 
34 40124 
35 48828 
36 34053 
37 45757 
38 40147 
39 39819 
40 39728 
41 37840 
42 44124 
43 39638 
44 44346 
45 47802 
46 61253 
47 20367 
48 42511 
49 42430 
50 47643 
51 52178 
52 55085 
53 45375 
54 53117 
55 47060 
56 52155 
57 47063 
58 50285 
59 45505 
60 42869 
61 43116 
62 45111 
63 43780 
64 42266 
65 44534 
66 40417 
67 41870 
68 38980 
69 42534 
70 34692 
71 43915 
72 43378 
73 44709 
74 39426 
75 38328 
76 39302 
77 37685 
78 61867 
79 50772 
80 55681 
81 35113 
82 42938 
83 38472 
84 44659 
85 39716 
86 46972 
87 44980 
88 40781 
89 41728 
90 42906 
91 51524 
92 39009 
93 48870 
94 44499 
95 35715 
96 40912 
97 41406 
98 45771 
99 53398 
100 40967 
101 40995 
102 35638 
103 37364 
104 46057 
105 38956 
106 38979 
107 42374 
108 39479 
109 52528 
110 43329 
111 39748 
112 45720 
113 39733 
114 49586 
115 41710 
116 46029 
117 45787 
118 44381 
119 40333 
120 40241 
121 44691 
122 42003 
123 39417 
124 35916 
125 41675 
126 39184 
127 49453 
128 49279 
129 38903 
130 41344 
131 39698 
132 45908 
133 42047 
134 44942 
135 47897 
136 50552 
137 46242 
138 55602 
139 44358 
140 46124 
141 39345 
142 47104 
143 46237 
144 49141 
145 37995 
146 47292 
147 47357 
148 49880 
149 48044 
150 46881 
151 45629 
152 40254 
153 44177 
154 52810 
155 41157 
156 47509 
157 54675 
158 43957 
159 44374 
160 44652 
161 46861 
162 40274 
163 61424 
164 135825 
165 37495 
166 36725 
167 39883 
168 56586 
169 61243 
170 54548 
171 42905 
172 41106 
173 39220 
174 43667 
175 52933 
176 38781 
177 45423 
178 45287 
179 41814 
180 62551 
181 47675 
182 37960 
183 43111 
184 37652 
185 45211 
186 55060 
187 41213 
188 37493 
189 40504 
190 42515 
191 50466 
192 46774 
193 41494 
194 35044 
195 39917 
196 47667 
197 50431 
198 41362 
199 39421 
200 40235 
201 39055 
202 52966 
203 39229 
204 41104 
205 47206 
206 40396 
207 55284 
208 47244 
209 44397 
210 40203 
211 39935 
212 44739 
213 47876 
214 40081 
215 47187 
216 41968 
217 46364 
218 46362 
219 42493 
220 37496 
221 39952 
222 38196 
223 46809 
224 41371 
225 43717 
226 47614 
227 39124 
228 45012 
229 37924 
230 47742 
231 40386 
232 39637 
233 43854 
234 44045 
235 41791 
236 47891 
237 41626 
238 46086 
239 39876 
240 44212 
241 43894 
242 43688 
243 55267 
244 38775 
245 47369 
246 64415 
247 45977 
248 41878 
249 40434 
250 45569 
251 52860 
252 45643 
253 38785 
254 37737 
255 41834 
256 57904 
257 44152 
258 43422 
259 38773 
260 44337 
261 47833 
262 49880 
263 37171 
264 43783 
265 44115 
266 43131 
267 55722 
268 44516 
269 49217 
270 40869 
271 39712 
272 48283 
273 46328 
274 38648 
275 37854 
276 37406 
277 37195 
278 58918 
279 42670 
280 36876 
281 36009 
282 38548 
283 53578 
284 44286 
285 39282 
286 39574 
287 38803 
288 39266 
289 43734 
290 41156 
291 42860 
292 47112 
293 44555 
294 38814 
295 39526 
296 40110 
297 58717 
298 48126 
299 40382 
300 37295 
301 40092 
302 47158 
303 44672 
304 41132 
305 41776 
306 39022 
307 40705 
308 54085 
309 43569 
310 38535 
311 46531 
312 40397 
313 43729 
314 51142 
315 40004 
316 37803 
317 43136 
318 41997 
319 53141 
320 46429 
321 47833 
322 38056 
323 39521 
324 45491 
325 45977 
326 42113 
327 37038 
328 38234 
329 37223 
330 56199 
331 40623 
332 40925 
333 42624 
334 38684 
335 47973 
336 39892 
337 40116 
338 39863 
339 36532 
340 37268 
341 46936 
342 43891 
343 47288 
344 45983 
345 39633 
346 40590 
347 39413 
348 42700 
349 46839 
350 39776 
351 40690 
352 39160 
353 37646 
354 47597 
355 42326 
356 44979 
357 40142 
358 42393 
359 40047 
360 39817 
361 47668 
362 39282 
363 48383 
364 36706 
365 44423 
366 41584 
367 46207 
368 48800 
369 42879 
370 44364 
371 30799 
372 36956 
373 48470 
374 44376 
375 37335 
376 37532 
377 39962 
378 39372 
379 41979 
380 38992 
381 42844 
382 41744 
383 44521 
384 41044 
385 41912 
386 42105 
387 52292 
388 72125 
389 40248 
390 45890 
391 56046 
392 63742 
393 41699 
394 39640 
395 46004 
396 44639 
397 41383 
398 37381 
399 67693 
400 46735 
401 37757 
402 43798 
403 41375 
404 44002 
405 40080 
406 46822 
407 61614 
408 47857 
409 40443 
410 37980 
411 40177 
412 35901 
413 34541 
414 50104 
415 39164 
416 43960 
417 36372 
418 41356 
419 41505 
420 51113 
421 55080 
422 38005 
423 57511 
424 65234 
425 64361 
426 51197 
427 48189 
428 43274 
429 63104 
430 43902 
431 35787 
432 43945 
433 36688 
434 40495 
435 53239 
436 45648 
437 43361 
438 41695 
439 60823 
440 56862 
441 51011 
442 53642 
443 50721 
444 50761 
445 44096 
446 41808 
447 47160 
448 46310 
449 42372 
450 46333 
451 40469 
452 42973 
453 40429 
454 42812 
455 36908 
456 44216 
457 39982 
458 41038 
459 40146 
460 47618 
461 44516 
462 51828 
463 39992 
464 41641 
465 43358 
466 40331 
467 44107 
468 39250 
469 43373 
470 38558 
471 52782 
472 42054 
473 42131 
474 43021 
475 40694 
476 46913 
477 39177 
478 36600 
479 47720 
480 41846 
481 39631 
482 44788 
483 41269 
484 41231 
485 48835 
486 42152 
487 43517 
488 42830 
489 44038 
490 44182 
491 50502 
492 44513 
493 48122 
494 36817 
495 37051 
496 47280 
497 45477 
498 40280 
499 51307 
